
9546321555   452-XLY       2     70.82     503    0.12       17.00      141.64      158.64
9546321555   742-6Z3     300     10.14      47    0.06      182.52     3042.00     3224.52
5612971340   924-YUT       8     23.00      51    0.06       11.04      184.00      195.04
3051234567   9L3-11T      47     50.12     200    0.07      164.89     2355.64     2520.53
7542346622   453-TTT      92     25.25     110    0.07      162.61     2323.00     2485.61
3054432762   213-ABC      15    105.02     111    0.07      110.27     1575.30     1685.57
9544321011   321-XMZ     112     32.41      92    0.06      217.80     3629.92     3847.72
8776219988   444-SSS     100     12.12      86    0.06       72.72     1212.00     1284.72
9042224556   290-P23     297      9.62     500    0.12      342.86     2857.14     3200.00
7877176590   23Z-00Q      32      9.62     201    0.08       24.63      307.84      332.47
5617278899   893-42T     642      0.81      72    0.06       31.20      520.02      551.22
9546321555   008-LL5      90     45.80      18    0.06      247.32     4122.00     4369.32
5612971340   452-XLY      42     99.99     503    0.12      503.95     4199.58     4703.53
3051234567   742-6Z3      14     10.14      47    0.06        8.52      141.96      150.48
7542346622   742-6Z4      13     66.48       3    0.06       51.85      864.24      916.09
3054432762   742-6Z5     209      0.77       2    0.06        9.66      160.93      170.59
9544321011   742-6Z6     108      1.17       1    0.06        7.58      126.36      133.94
8776219988   213-ABC      67    105.02     111    0.07      492.54     7036.34     7528.88
9042224556   321-XMZ     500     32.41      92    0.06      972.30    16205.00    17177.30
7877176590   444-SSS      43     12.12      86    0.06       31.27      521.16      552.43
5617278899   290-P23      16      9.92     500    0.12       19.05      158.72      177.77
8776219988   23Z-00Q      82      9.62     201    0.08       63.11      788.84      851.95
9042224556   23Z-00Q      87      9.62     201    0.08       66.96      836.94      903.90
7877176590   23Z-00Q     445      9.62     201    0.08      342.47     4280.90     4623.37
