owl            dade        10.55   100 1055.00 0.065  68.58 126.60   996.98
hibiscus       broward     15.82    15  237.30 0.060  14.24  11.87   239.67
rose           dade         9.99    45  449.55 0.065  29.22  35.96   442.81
carnation      palm         7.99    32  255.68 0.070  17.90  20.45   253.12
rose           palm         7.99    60  479.40 0.070  33.56  57.53   455.43
widow          palm        25.75     5  128.75 0.070   9.01   1.29   136.47
carnation      dade        12.55    10  125.50 0.065   8.16   3.76   129.89
carnation      dade        12.55     8  100.40 0.065   6.53   3.01   103.91
lilly          broward      6.92   150 1038.00 0.060  62.28 124.56   975.72
xerabtgemum    palm        13.63    50  681.50 0.070  47.71  54.52   674.69
yarrow         dade        22.85    20  457.00 0.065  29.71  22.85   463.85
zenobia        palm        37.19    32 1190.08 0.070  83.31  95.21  1178.18
zephyranthes   broward     62.82    40 2512.80 0.060 150.77 201.02  2462.54
daisy          broward     15.99    80 1279.20 0.060  76.75 153.50  1202.45
aconitum       dade        30.02    72 2161.44 0.065 140.49 259.37  2042.56
amaryllis      dade        16.14    65 1049.10 0.065  68.19 125.89   991.40
bogonia        broward     18.45     3   55.35 0.060   3.32   0.55    58.12
bellflow       broward      2.96   200  592.00 0.060  35.52  71.04   556.48
bergenia       palm        85.92    10  859.20 0.070  60.14  25.78   893.57
****************************
*********end of run 1****
*******************************
owl            dade        10.55   100 1055.00 0.065  68.58 126.60   996.98
hibiscus       broward     15.82    15  237.30 0.060  14.24  11.87   239.67
rose           dade         9.99    45  449.55 0.065  29.22  35.96   442.81
carnation      palm         7.99    32  255.68 0.070  17.90  20.45   253.12
rose           palm         7.99    60  479.40 0.070  33.56  57.53   455.43
widow          palm        25.75     5  128.75 0.070   9.01   1.29   136.47
carnation      dade        12.55    10  125.50 0.065   8.16   3.76   129.89
carnation      dade        12.55     8  100.40 0.065   6.53   3.01   103.91
lilly          broward      6.92   150 1038.00 0.060  62.28 124.56   975.72
xerabtgemum    palm        13.63    50  681.50 0.070  47.71  54.52   674.69
yarrow         dade        22.85    20  457.00 0.065  29.71  22.85   463.85
zenobia        palm        37.19    32 1190.08 0.070  83.31  95.21  1178.18
zephyranthes   broward     62.82    40 2512.80 0.060 150.77 201.02  2462.54
daisy          broward     15.99    80 1279.20 0.060  76.75 153.50  1202.45
aconitum       dade        30.02    72 2161.44 0.065 140.49 259.37  2042.56
amaryllis      dade        16.14    65 1049.10 0.065  68.19 125.89   991.40
bogonia        broward     18.45     3   55.35 0.060   3.32   0.55    58.12
bellflow       broward      2.96   200  592.00 0.060  35.52  71.04   556.48
bergenia       palm        85.92    10  859.20 0.070  60.14  25.78   893.57
rose           dade         1.00     1    1.00 0.065   0.07   0.01     1.05
****************************
*********end of run 2****
*******************************
owl            dade        10.55   100 1055.00 0.065  68.58 126.60   996.98
hibiscus       broward     15.82    15  237.30 0.060  14.24  11.87   239.67
carnation      palm         7.99    32  255.68 0.070  17.90  20.45   253.12
widow          palm        25.75     5  128.75 0.070   9.01   1.29   136.47
carnation      dade        12.55    10  125.50 0.065   8.16   3.76   129.89
carnation      dade        12.55     8  100.40 0.065   6.53   3.01   103.91
lilly          broward      6.92   150 1038.00 0.060  62.28 124.56   975.72
xerabtgemum    palm        13.63    50  681.50 0.070  47.71  54.52   674.69
yarrow         dade        22.85    20  457.00 0.065  29.71  22.85   463.85
zenobia        palm        37.19    32 1190.08 0.070  83.31  95.21  1178.18
zephyranthes   broward     62.82    40 2512.80 0.060 150.77 201.02  2462.54
daisy          broward     15.99    80 1279.20 0.060  76.75 153.50  1202.45
aconitum       dade        30.02    72 2161.44 0.065 140.49 259.37  2042.56
amaryllis      dade        16.14    65 1049.10 0.065  68.19 125.89   991.40
bogonia        broward     18.45     3   55.35 0.060   3.32   0.55    58.12
bellflow       broward      2.96   200  592.00 0.060  35.52  71.04   556.48
bergenia       palm        85.92    10  859.20 0.070  60.14  25.78   893.57
****************************
*********end of run 3****
*******************************
owl            dade        10.55   100 1055.00 0.065  68.58 126.60   996.98
hibiscus       broward     15.82    15  237.30 0.060  14.24  11.87   239.67
carnation      palm         7.99    32  255.68 0.070  17.90  20.45   253.12
widow          palm        25.75     5  128.75 0.070   9.01   1.29   136.47
carnation      dade        12.55    10  125.50 0.065   8.16   3.76   129.89
carnation      dade        12.55     8  100.40 0.065   6.53   3.01   103.91
lilly          broward      6.92   150 1038.00 0.060  62.28 124.56   975.72
xerabtgemum    palm        13.63    50  681.50 0.070  47.71  54.52   674.69
yarrow         dade        22.85    20  457.00 0.065  29.71  22.85   463.85
zenobia        palm        37.19    32 1190.08 0.070  83.31  95.21  1178.18
zephyranthes   broward     62.82    40 2512.80 0.060 150.77 201.02  2462.54
daisy          broward     15.99    80 1279.20 0.060  76.75 153.50  1202.45
aconitum       dade        30.02    72 2161.44 0.065 140.49 259.37  2042.56
amaryllis      dade        16.14    65 1049.10 0.065  68.19 125.89   991.40
bogonia        broward     18.45     3   55.35 0.060   3.32   0.55    58.12
bellflow       broward      2.96   200  592.00 0.060  35.52  71.04   556.48
****************************
*********end of run 4****
*******************************
owl            dade        10.55   100 1055.00 0.065  68.58 126.60   996.98
hibiscus       broward     15.82    15  237.30 0.060  14.24  11.87   239.67
carnation      palm         7.99    32  255.68 0.070  17.90  20.45   253.12
widow          palm        25.75     5  128.75 0.070   9.01   1.29   136.47
carnation      dade        12.55    10  125.50 0.065   8.16   3.76   129.89
carnation      dade        12.55     8  100.40 0.065   6.53   3.01   103.91
lilly          broward      6.92   150 1038.00 0.060  62.28 124.56   975.72
xerabtgemum    palm        13.63    50  681.50 0.070  47.71  54.52   674.69
zenobia        palm        37.19    32 1190.08 0.070  83.31  95.21  1178.18
zephyranthes   broward     62.82    40 2512.80 0.060 150.77 201.02  2462.54
daisy          broward     15.99    80 1279.20 0.060  76.75 153.50  1202.45
aconitum       dade        30.02    72 2161.44 0.065 140.49 259.37  2042.56
amaryllis      dade        16.14    65 1049.10 0.065  68.19 125.89   991.40
bogonia        broward     18.45     3   55.35 0.060   3.32   0.55    58.12
bellflow       broward      2.96   200  592.00 0.060  35.52  71.04   556.48
****************************
*********end of run 5****
*******************************
owl            dade        10.55   100 1055.00 0.065  68.58 126.60   996.98
hibiscus       broward     15.82    15  237.30 0.060  14.24  11.87   239.67
carnation      palm         7.99    32  255.68 0.070  17.90  20.45   253.12
widow          palm        25.75     5  128.75 0.070   9.01   1.29   136.47
carnation      dade        12.55    10  125.50 0.065   8.16   3.76   129.89
carnation      dade        12.55     8  100.40 0.065   6.53   3.01   103.91
lilly          broward      6.92   150 1038.00 0.060  62.28 124.56   975.72
xerabtgemum    palm        13.63    50  681.50 0.070  47.71  54.52   674.69
zenobia        palm        37.19    32 1190.08 0.070  83.31  95.21  1178.18
zephyranthes   broward     62.82    40 2512.80 0.060 150.77 201.02  2462.54
daisy          broward     15.99    80 1279.20 0.060  76.75 153.50  1202.45
aconitum       dade        30.02    72 2161.44 0.065 140.49 259.37  2042.56
amaryllis      dade        16.14    65 1049.10 0.065  68.19 125.89   991.40
bogonia        broward     18.45     3   55.35 0.060   3.32   0.55    58.12
bellflow       broward      2.96   200  592.00 0.060  35.52  71.04   556.48
****************************
*********end of run 6****
*******************************
owl            dade        10.55   100 1055.00 0.065  68.58 126.60   996.98
hibiscus       broward     15.82    15  237.30 0.060  14.24  11.87   239.67
rose           dade         9.99    45  449.55 0.065  29.22  35.96   442.81
carnation      palm         7.99    32  255.68 0.070  17.90  20.45   253.12
rose           palm         7.99    60  479.40 0.070  33.56  57.53   455.43
widow          palm        25.75     5  128.75 0.070   9.01   1.29   136.47
carnation      dade        12.55    10  125.50 0.065   8.16   3.76   129.89
carnation      dade        12.55     8  100.40 0.065   6.53   3.01   103.91
lilly          broward      6.92   150 1038.00 0.060  62.28 124.56   975.72
xerabtgemum    palm        13.63    50  681.50 0.070  47.71  54.52   674.69
yarrow         dade        22.85    20  457.00 0.065  29.71  22.85   463.85
zenobia        palm        37.19    32 1190.08 0.070  83.31  95.21  1178.18
zephyranthes   broward     62.82    40 2512.80 0.060 150.77 201.02  2462.54
daisy          broward     15.99    80 1279.20 0.060  76.75 153.50  1202.45
aconitum       dade        30.02    72 2161.44 0.065 140.49 259.37  2042.56
amaryllis      dade        16.14    65 1049.10 0.065  68.19 125.89   991.40
bogonia        broward     18.45     3   55.35 0.060   3.32   0.55    58.12
bellflow       broward      2.96   200  592.00 0.060  35.52  71.04   556.48
bergenia       palm        85.92    10  859.20 0.070  60.14  25.78   893.57
****************************
*********end of run 1****
*******************************
owl            dade        10.55   100 1055.00 0.065  68.58 126.60   996.98
hibiscus       broward     15.82    15  237.30 0.060  14.24  11.87   239.67
rose           dade         9.99    45  449.55 0.065  29.22  35.96   442.81
carnation      palm         7.99    32  255.68 0.070  17.90  20.45   253.12
rose           palm         7.99    60  479.40 0.070  33.56  57.53   455.43
widow          palm        25.75     5  128.75 0.070   9.01   1.29   136.47
carnation      dade        12.55    10  125.50 0.065   8.16   3.76   129.89
carnation      dade        12.55     8  100.40 0.065   6.53   3.01   103.91
lilly          broward      6.92   150 1038.00 0.060  62.28 124.56   975.72
xerabtgemum    palm        13.63    50  681.50 0.070  47.71  54.52   674.69
yarrow         dade        22.85    20  457.00 0.065  29.71  22.85   463.85
zenobia        palm        37.19    32 1190.08 0.070  83.31  95.21  1178.18
zephyranthes   broward     62.82    40 2512.80 0.060 150.77 201.02  2462.54
daisy          broward     15.99    80 1279.20 0.060  76.75 153.50  1202.45
aconitum       dade        30.02    72 2161.44 0.065 140.49 259.37  2042.56
amaryllis      dade        16.14    65 1049.10 0.065  68.19 125.89   991.40
bogonia        broward     18.45     3   55.35 0.060   3.32   0.55    58.12
bellflow       broward      2.96   200  592.00 0.060  35.52  71.04   556.48
bergenia       palm        85.92    10  859.20 0.070  60.14  25.78   893.57
rose           dade         1.00     1    1.00 0.065   0.07   0.01     1.05
****************************
*********end of run 2****
*******************************
owl            dade        10.55   100 1055.00 0.065  68.58 126.60   996.98
hibiscus       broward     15.82    15  237.30 0.060  14.24  11.87   239.67
carnation      palm         7.99    32  255.68 0.070  17.90  20.45   253.12
widow          palm        25.75     5  128.75 0.070   9.01   1.29   136.47
carnation      dade        12.55    10  125.50 0.065   8.16   3.76   129.89
carnation      dade        12.55     8  100.40 0.065   6.53   3.01   103.91
lilly          broward      6.92   150 1038.00 0.060  62.28 124.56   975.72
xerabtgemum    palm        13.63    50  681.50 0.070  47.71  54.52   674.69
yarrow         dade        22.85    20  457.00 0.065  29.71  22.85   463.85
zenobia        palm        37.19    32 1190.08 0.070  83.31  95.21  1178.18
zephyranthes   broward     62.82    40 2512.80 0.060 150.77 201.02  2462.54
daisy          broward     15.99    80 1279.20 0.060  76.75 153.50  1202.45
aconitum       dade        30.02    72 2161.44 0.065 140.49 259.37  2042.56
amaryllis      dade        16.14    65 1049.10 0.065  68.19 125.89   991.40
bogonia        broward     18.45     3   55.35 0.060   3.32   0.55    58.12
bellflow       broward      2.96   200  592.00 0.060  35.52  71.04   556.48
bergenia       palm        85.92    10  859.20 0.070  60.14  25.78   893.57
****************************
*********end of run 3****
*******************************
owl            dade        10.55   100 1055.00 0.065  68.58 126.60   996.98
hibiscus       broward     15.82    15  237.30 0.060  14.24  11.87   239.67
carnation      palm         7.99    32  255.68 0.070  17.90  20.45   253.12
widow          palm        25.75     5  128.75 0.070   9.01   1.29   136.47
carnation      dade        12.55    10  125.50 0.065   8.16   3.76   129.89
carnation      dade        12.55     8  100.40 0.065   6.53   3.01   103.91
lilly          broward      6.92   150 1038.00 0.060  62.28 124.56   975.72
xerabtgemum    palm        13.63    50  681.50 0.070  47.71  54.52   674.69
yarrow         dade        22.85    20  457.00 0.065  29.71  22.85   463.85
zenobia        palm        37.19    32 1190.08 0.070  83.31  95.21  1178.18
zephyranthes   broward     62.82    40 2512.80 0.060 150.77 201.02  2462.54
daisy          broward     15.99    80 1279.20 0.060  76.75 153.50  1202.45
aconitum       dade        30.02    72 2161.44 0.065 140.49 259.37  2042.56
amaryllis      dade        16.14    65 1049.10 0.065  68.19 125.89   991.40
bogonia        broward     18.45     3   55.35 0.060   3.32   0.55    58.12
bellflow       broward      2.96   200  592.00 0.060  35.52  71.04   556.48
****************************
*********end of run 4****
*******************************
owl            dade        10.55   100 1055.00 0.065  68.58 126.60   996.98
hibiscus       broward     15.82    15  237.30 0.060  14.24  11.87   239.67
carnation      palm         7.99    32  255.68 0.070  17.90  20.45   253.12
widow          palm        25.75     5  128.75 0.070   9.01   1.29   136.47
carnation      dade        12.55    10  125.50 0.065   8.16   3.76   129.89
carnation      dade        12.55     8  100.40 0.065   6.53   3.01   103.91
lilly          broward      6.92   150 1038.00 0.060  62.28 124.56   975.72
xerabtgemum    palm        13.63    50  681.50 0.070  47.71  54.52   674.69
zenobia        palm        37.19    32 1190.08 0.070  83.31  95.21  1178.18
zephyranthes   broward     62.82    40 2512.80 0.060 150.77 201.02  2462.54
daisy          broward     15.99    80 1279.20 0.060  76.75 153.50  1202.45
aconitum       dade        30.02    72 2161.44 0.065 140.49 259.37  2042.56
amaryllis      dade        16.14    65 1049.10 0.065  68.19 125.89   991.40
bogonia        broward     18.45     3   55.35 0.060   3.32   0.55    58.12
bellflow       broward      2.96   200  592.00 0.060  35.52  71.04   556.48
****************************
*********end of run 5****
*******************************
owl            dade        10.55   100 1055.00 0.065  68.58 126.60   996.98
hibiscus       broward     15.82    15  237.30 0.060  14.24  11.87   239.67
carnation      palm         7.99    32  255.68 0.070  17.90  20.45   253.12
widow          palm        25.75     5  128.75 0.070   9.01   1.29   136.47
carnation      dade        12.55    10  125.50 0.065   8.16   3.76   129.89
carnation      dade        12.55     8  100.40 0.065   6.53   3.01   103.91
lilly          broward      6.92   150 1038.00 0.060  62.28 124.56   975.72
xerabtgemum    palm        13.63    50  681.50 0.070  47.71  54.52   674.69
zenobia        palm        37.19    32 1190.08 0.070  83.31  95.21  1178.18
zephyranthes   broward     62.82    40 2512.80 0.060 150.77 201.02  2462.54
daisy          broward     15.99    80 1279.20 0.060  76.75 153.50  1202.45
aconitum       dade        30.02    72 2161.44 0.065 140.49 259.37  2042.56
amaryllis      dade        16.14    65 1049.10 0.065  68.19 125.89   991.40
bogonia        broward     18.45     3   55.35 0.060   3.32   0.55    58.12
bellflow       broward      2.96   200  592.00 0.060  35.52  71.04   556.48
****************************
*********end of run 6****
*******************************
owl            dade        10.55   100 1055.00 0.065  68.58 126.60   996.98
hibiscus       broward     15.82    15  237.30 0.060  14.24  11.87   239.67
rose           dade         9.99    45  449.55 0.065  29.22  35.96   442.81
carnation      palm         7.99    32  255.68 0.070  17.90  20.45   253.12
rose           palm         7.99    60  479.40 0.070  33.56  57.53   455.43
widow          palm        25.75     5  128.75 0.070   9.01   1.29   136.47
carnation      dade        12.55    10  125.50 0.065   8.16   3.76   129.89
carnation      dade        12.55     8  100.40 0.065   6.53   3.01   103.91
lilly          broward      6.92   150 1038.00 0.060  62.28 124.56   975.72
xerabtgemum    palm        13.63    50  681.50 0.070  47.71  54.52   674.69
yarrow         dade        22.85    20  457.00 0.065  29.71  22.85   463.85
zenobia        palm        37.19    32 1190.08 0.070  83.31  95.21  1178.18
zephyranthes   broward     62.82    40 2512.80 0.060 150.77 201.02  2462.54
daisy          broward     15.99    80 1279.20 0.060  76.75 153.50  1202.45
aconitum       dade        30.02    72 2161.44 0.065 140.49 259.37  2042.56
amaryllis      dade        16.14    65 1049.10 0.065  68.19 125.89   991.40
bogonia        broward     18.45     3   55.35 0.060   3.32   0.55    58.12
bellflow       broward      2.96   200  592.00 0.060  35.52  71.04   556.48
bergenia       palm        85.92    10  859.20 0.070  60.14  25.78   893.57
****************************
*********end of run 1****
*******************************
owl            dade        10.55   100 1055.00 0.065  68.58 126.60   996.98
hibiscus       broward     15.82    15  237.30 0.060  14.24  11.87   239.67
rose           dade         9.99    45  449.55 0.065  29.22  35.96   442.81
carnation      palm         7.99    32  255.68 0.070  17.90  20.45   253.12
rose           palm         7.99    60  479.40 0.070  33.56  57.53   455.43
widow          palm        25.75     5  128.75 0.070   9.01   1.29   136.47
carnation      dade        12.55    10  125.50 0.065   8.16   3.76   129.89
carnation      dade        12.55     8  100.40 0.065   6.53   3.01   103.91
lilly          broward      6.92   150 1038.00 0.060  62.28 124.56   975.72
xerabtgemum    palm        13.63    50  681.50 0.070  47.71  54.52   674.69
yarrow         dade        22.85    20  457.00 0.065  29.71  22.85   463.85
zenobia        palm        37.19    32 1190.08 0.070  83.31  95.21  1178.18
zephyranthes   broward     62.82    40 2512.80 0.060 150.77 201.02  2462.54
daisy          broward     15.99    80 1279.20 0.060  76.75 153.50  1202.45
aconitum       dade        30.02    72 2161.44 0.065 140.49 259.37  2042.56
amaryllis      dade        16.14    65 1049.10 0.065  68.19 125.89   991.40
bogonia        broward     18.45     3   55.35 0.060   3.32   0.55    58.12
bellflow       broward      2.96   200  592.00 0.060  35.52  71.04   556.48
bergenia       palm        85.92    10  859.20 0.070  60.14  25.78   893.57
rose           dade         1.00     1    1.00 0.065   0.07   0.01     1.05
****************************
*********end of run 2****
*******************************
owl            dade        10.55   100 1055.00 0.065  68.58 126.60   996.98
hibiscus       broward     15.82    15  237.30 0.060  14.24  11.87   239.67
carnation      palm         7.99    32  255.68 0.070  17.90  20.45   253.12
widow          palm        25.75     5  128.75 0.070   9.01   1.29   136.47
carnation      dade        12.55    10  125.50 0.065   8.16   3.76   129.89
carnation      dade        12.55     8  100.40 0.065   6.53   3.01   103.91
lilly          broward      6.92   150 1038.00 0.060  62.28 124.56   975.72
xerabtgemum    palm        13.63    50  681.50 0.070  47.71  54.52   674.69
yarrow         dade        22.85    20  457.00 0.065  29.71  22.85   463.85
zenobia        palm        37.19    32 1190.08 0.070  83.31  95.21  1178.18
zephyranthes   broward     62.82    40 2512.80 0.060 150.77 201.02  2462.54
daisy          broward     15.99    80 1279.20 0.060  76.75 153.50  1202.45
aconitum       dade        30.02    72 2161.44 0.065 140.49 259.37  2042.56
amaryllis      dade        16.14    65 1049.10 0.065  68.19 125.89   991.40
bogonia        broward     18.45     3   55.35 0.060   3.32   0.55    58.12
bellflow       broward      2.96   200  592.00 0.060  35.52  71.04   556.48
bergenia       palm        85.92    10  859.20 0.070  60.14  25.78   893.57
****************************
*********end of run 3****
*******************************
owl            dade        10.55   100 1055.00 0.065  68.58 126.60   996.98
hibiscus       broward     15.82    15  237.30 0.060  14.24  11.87   239.67
carnation      palm         7.99    32  255.68 0.070  17.90  20.45   253.12
widow          palm        25.75     5  128.75 0.070   9.01   1.29   136.47
carnation      dade        12.55    10  125.50 0.065   8.16   3.76   129.89
carnation      dade        12.55     8  100.40 0.065   6.53   3.01   103.91
lilly          broward      6.92   150 1038.00 0.060  62.28 124.56   975.72
xerabtgemum    palm        13.63    50  681.50 0.070  47.71  54.52   674.69
yarrow         dade        22.85    20  457.00 0.065  29.71  22.85   463.85
zenobia        palm        37.19    32 1190.08 0.070  83.31  95.21  1178.18
zephyranthes   broward     62.82    40 2512.80 0.060 150.77 201.02  2462.54
daisy          broward     15.99    80 1279.20 0.060  76.75 153.50  1202.45
aconitum       dade        30.02    72 2161.44 0.065 140.49 259.37  2042.56
amaryllis      dade        16.14    65 1049.10 0.065  68.19 125.89   991.40
bogonia        broward     18.45     3   55.35 0.060   3.32   0.55    58.12
bellflow       broward      2.96   200  592.00 0.060  35.52  71.04   556.48
****************************
*********end of run 4****
*******************************
owl            dade        10.55   100 1055.00 0.065  68.58 126.60   996.98
hibiscus       broward     15.82    15  237.30 0.060  14.24  11.87   239.67
carnation      palm         7.99    32  255.68 0.070  17.90  20.45   253.12
widow          palm        25.75     5  128.75 0.070   9.01   1.29   136.47
carnation      dade        12.55    10  125.50 0.065   8.16   3.76   129.89
carnation      dade        12.55     8  100.40 0.065   6.53   3.01   103.91
lilly          broward      6.92   150 1038.00 0.060  62.28 124.56   975.72
xerabtgemum    palm        13.63    50  681.50 0.070  47.71  54.52   674.69
zenobia        palm        37.19    32 1190.08 0.070  83.31  95.21  1178.18
zephyranthes   broward     62.82    40 2512.80 0.060 150.77 201.02  2462.54
daisy          broward     15.99    80 1279.20 0.060  76.75 153.50  1202.45
aconitum       dade        30.02    72 2161.44 0.065 140.49 259.37  2042.56
amaryllis      dade        16.14    65 1049.10 0.065  68.19 125.89   991.40
bogonia        broward     18.45     3   55.35 0.060   3.32   0.55    58.12
bellflow       broward      2.96   200  592.00 0.060  35.52  71.04   556.48
****************************
*********end of run 5****
*******************************
owl            dade        10.55   100 1055.00 0.065  68.58 126.60   996.98
hibiscus       broward     15.82    15  237.30 0.060  14.24  11.87   239.67
carnation      palm         7.99    32  255.68 0.070  17.90  20.45   253.12
widow          palm        25.75     5  128.75 0.070   9.01   1.29   136.47
carnation      dade        12.55    10  125.50 0.065   8.16   3.76   129.89
carnation      dade        12.55     8  100.40 0.065   6.53   3.01   103.91
lilly          broward      6.92   150 1038.00 0.060  62.28 124.56   975.72
xerabtgemum    palm        13.63    50  681.50 0.070  47.71  54.52   674.69
zenobia        palm        37.19    32 1190.08 0.070  83.31  95.21  1178.18
zephyranthes   broward     62.82    40 2512.80 0.060 150.77 201.02  2462.54
daisy          broward     15.99    80 1279.20 0.060  76.75 153.50  1202.45
aconitum       dade        30.02    72 2161.44 0.065 140.49 259.37  2042.56
amaryllis      dade        16.14    65 1049.10 0.065  68.19 125.89   991.40
bogonia        broward     18.45     3   55.35 0.060   3.32   0.55    58.12
bellflow       broward      2.96   200  592.00 0.060  35.52  71.04   556.48
****************************
*********end of run 6****
*******************************
owl            dade        10.55   100 1055.00 0.065  68.58 126.60   996.98
hibiscus       broward     15.82    15  237.30 0.060  14.24  11.87   239.67
rose           dade         9.99    45  449.55 0.065  29.22  35.96   442.81
carnation      palm         7.99    32  255.68 0.070  17.90  20.45   253.12
rose           palm         7.99    60  479.40 0.070  33.56  57.53   455.43
widow          palm        25.75     5  128.75 0.070   9.01   1.29   136.47
carnation      dade        12.55    10  125.50 0.065   8.16   3.76   129.89
carnation      dade        12.55     8  100.40 0.065   6.53   3.01   103.91
lilly          broward      6.92   150 1038.00 0.060  62.28 124.56   975.72
xerabtgemum    palm        13.63    50  681.50 0.070  47.71  54.52   674.69
yarrow         dade        22.85    20  457.00 0.065  29.71  22.85   463.85
zenobia        palm        37.19    32 1190.08 0.070  83.31  95.21  1178.18
zephyranthes   broward     62.82    40 2512.80 0.060 150.77 201.02  2462.54
daisy          broward     15.99    80 1279.20 0.060  76.75 153.50  1202.45
aconitum       dade        30.02    72 2161.44 0.065 140.49 259.37  2042.56
amaryllis      dade        16.14    65 1049.10 0.065  68.19 125.89   991.40
bogonia        broward     18.45     3   55.35 0.060   3.32   0.55    58.12
bellflow       broward      2.96   200  592.00 0.060  35.52  71.04   556.48
bergenia       palm        85.92    10  859.20 0.070  60.14  25.78   893.57
****************************
*********end of run 1****
*******************************
owl            dade        10.55   100 1055.00 0.065  68.58 126.60   996.98
hibiscus       broward     15.82    15  237.30 0.060  14.24  11.87   239.67
rose           dade         9.99    45  449.55 0.065  29.22  35.96   442.81
carnation      palm         7.99    32  255.68 0.070  17.90  20.45   253.12
rose           palm         7.99    60  479.40 0.070  33.56  57.53   455.43
widow          palm        25.75     5  128.75 0.070   9.01   1.29   136.47
carnation      dade        12.55    10  125.50 0.065   8.16   3.76   129.89
carnation      dade        12.55     8  100.40 0.065   6.53   3.01   103.91
lilly          broward      6.92   150 1038.00 0.060  62.28 124.56   975.72
xerabtgemum    palm        13.63    50  681.50 0.070  47.71  54.52   674.69
yarrow         dade        22.85    20  457.00 0.065  29.71  22.85   463.85
zenobia        palm        37.19    32 1190.08 0.070  83.31  95.21  1178.18
zephyranthes   broward     62.82    40 2512.80 0.060 150.77 201.02  2462.54
daisy          broward     15.99    80 1279.20 0.060  76.75 153.50  1202.45
aconitum       dade        30.02    72 2161.44 0.065 140.49 259.37  2042.56
amaryllis      dade        16.14    65 1049.10 0.065  68.19 125.89   991.40
bogonia        broward     18.45     3   55.35 0.060   3.32   0.55    58.12
bellflow       broward      2.96   200  592.00 0.060  35.52  71.04   556.48
bergenia       palm        85.92    10  859.20 0.070  60.14  25.78   893.57
rose           dade        10.50     1   10.50 0.065   0.68   0.10    11.08
****************************
*********end of run 2****
*******************************
owl            dade        10.55   100 1055.00 0.065  68.58 126.60   996.98
hibiscus       broward     15.82    15  237.30 0.060  14.24  11.87   239.67
carnation      palm         7.99    32  255.68 0.070  17.90  20.45   253.12
widow          palm        25.75     5  128.75 0.070   9.01   1.29   136.47
carnation      dade        12.55    10  125.50 0.065   8.16   3.76   129.89
carnation      dade        12.55     8  100.40 0.065   6.53   3.01   103.91
lilly          broward      6.92   150 1038.00 0.060  62.28 124.56   975.72
xerabtgemum    palm        13.63    50  681.50 0.070  47.71  54.52   674.69
yarrow         dade        22.85    20  457.00 0.065  29.71  22.85   463.85
zenobia        palm        37.19    32 1190.08 0.070  83.31  95.21  1178.18
zephyranthes   broward     62.82    40 2512.80 0.060 150.77 201.02  2462.54
daisy          broward     15.99    80 1279.20 0.060  76.75 153.50  1202.45
aconitum       dade        30.02    72 2161.44 0.065 140.49 259.37  2042.56
amaryllis      dade        16.14    65 1049.10 0.065  68.19 125.89   991.40
bogonia        broward     18.45     3   55.35 0.060   3.32   0.55    58.12
bellflow       broward      2.96   200  592.00 0.060  35.52  71.04   556.48
bergenia       palm        85.92    10  859.20 0.070  60.14  25.78   893.57
****************************
*********end of run 3****
*******************************
owl            dade        10.55   100 1055.00 0.065  68.58 126.60   996.98
hibiscus       broward     15.82    15  237.30 0.060  14.24  11.87   239.67
carnation      palm         7.99    32  255.68 0.070  17.90  20.45   253.12
widow          palm        25.75     5  128.75 0.070   9.01   1.29   136.47
carnation      dade        12.55    10  125.50 0.065   8.16   3.76   129.89
carnation      dade        12.55     8  100.40 0.065   6.53   3.01   103.91
lilly          broward      6.92   150 1038.00 0.060  62.28 124.56   975.72
xerabtgemum    palm        13.63    50  681.50 0.070  47.71  54.52   674.69
yarrow         dade        22.85    20  457.00 0.065  29.71  22.85   463.85
zenobia        palm        37.19    32 1190.08 0.070  83.31  95.21  1178.18
zephyranthes   broward     62.82    40 2512.80 0.060 150.77 201.02  2462.54
daisy          broward     15.99    80 1279.20 0.060  76.75 153.50  1202.45
aconitum       dade        30.02    72 2161.44 0.065 140.49 259.37  2042.56
amaryllis      dade        16.14    65 1049.10 0.065  68.19 125.89   991.40
bogonia        broward     18.45     3   55.35 0.060   3.32   0.55    58.12
bellflow       broward      2.96   200  592.00 0.060  35.52  71.04   556.48
****************************
*********end of run 4****
*******************************
owl            dade        10.55   100 1055.00 0.065  68.58 126.60   996.98
hibiscus       broward     15.82    15  237.30 0.060  14.24  11.87   239.67
carnation      palm         7.99    32  255.68 0.070  17.90  20.45   253.12
widow          palm        25.75     5  128.75 0.070   9.01   1.29   136.47
carnation      dade        12.55    10  125.50 0.065   8.16   3.76   129.89
carnation      dade        12.55     8  100.40 0.065   6.53   3.01   103.91
lilly          broward      6.92   150 1038.00 0.060  62.28 124.56   975.72
xerabtgemum    palm        13.63    50  681.50 0.070  47.71  54.52   674.69
zenobia        palm        37.19    32 1190.08 0.070  83.31  95.21  1178.18
zephyranthes   broward     62.82    40 2512.80 0.060 150.77 201.02  2462.54
daisy          broward     15.99    80 1279.20 0.060  76.75 153.50  1202.45
aconitum       dade        30.02    72 2161.44 0.065 140.49 259.37  2042.56
amaryllis      dade        16.14    65 1049.10 0.065  68.19 125.89   991.40
bogonia        broward     18.45     3   55.35 0.060   3.32   0.55    58.12
bellflow       broward      2.96   200  592.00 0.060  35.52  71.04   556.48
****************************
*********end of run 5****
*******************************
owl            dade        10.55   100 1055.00 0.065  68.58 126.60   996.98
hibiscus       broward     15.82    15  237.30 0.060  14.24  11.87   239.67
carnation      palm         7.99    32  255.68 0.070  17.90  20.45   253.12
widow          palm        25.75     5  128.75 0.070   9.01   1.29   136.47
carnation      dade        12.55    10  125.50 0.065   8.16   3.76   129.89
carnation      dade        12.55     8  100.40 0.065   6.53   3.01   103.91
lilly          broward      6.92   150 1038.00 0.060  62.28 124.56   975.72
xerabtgemum    palm        13.63    50  681.50 0.070  47.71  54.52   674.69
zenobia        palm        37.19    32 1190.08 0.070  83.31  95.21  1178.18
zephyranthes   broward     62.82    40 2512.80 0.060 150.77 201.02  2462.54
daisy          broward     15.99    80 1279.20 0.060  76.75 153.50  1202.45
aconitum       dade        30.02    72 2161.44 0.065 140.49 259.37  2042.56
amaryllis      dade        16.14    65 1049.10 0.065  68.19 125.89   991.40
bogonia        broward     18.45     3   55.35 0.060   3.32   0.55    58.12
bellflow       broward      2.96   200  592.00 0.060  35.52  71.04   556.48
****************************
*********end of run 6****
*******************************
