owl            dade        10.55   100    1055 0.065 68.575  126.6  996.975
hibiscus       broward     15.82    15   237.3  0.06 14.238 11.865  239.673
rose           dade         9.99    45  449.55 0.06529.2208 35.964  442.807
carnation      palm         7.99    32  255.68  0.0717.897620.4544  253.123
rose           palm         7.99    60   479.4  0.07 33.558 57.528   455.43
widow          palm        25.75     5  128.75  0.07 9.0125 1.2875  136.475
carnation      dade        12.55    10   125.5 0.065 8.1575  3.765  129.893
carnation      dade        12.55     8   100.4 0.065  6.526  3.012  103.914
lilly          broward      6.92   150    1038  0.06  62.28 124.56   975.72
xerabtgemum    palm        13.63    50   681.5  0.07 47.705  54.52  674.685
yarrow         dade        22.85    20     457 0.065 29.705  22.85  463.855
zenobia        palm        37.19    32 1190.08  0.0783.305695.2064  1178.18
zephyranthes   broward     62.82    40  2512.8  0.06150.768201.024  2462.54
daisy          broward     15.99    80  1279.2  0.06 76.752153.504  1202.45
aconitum       dade        30.02    72 2161.44 0.065140.494259.373  2042.56
amaryllis      dade        16.14    65  1049.1 0.06568.1915125.892  991.399
bogonia        broward     18.45     3   55.35  0.06  3.321 0.5535  58.1175
bellflow       broward      2.96   200     592  0.06  35.52  71.04   556.48
bergenia       palm        85.92    10   859.2  0.07 60.144 25.776  893.568
